0.000000	0.000000	#1: -62,87
49.000000	49.000000	337,24
0.000000	0.000000	#2: -150,13
49.000000	49.000000	160,-21
0.000000	0.000000	#3: 101,28
49.000000	49.000000	298,58
0.000000	0.000000	#4: -4,27
49.000000	49.000000	-146,5
0.000000	0.000000	#5: -80,64
49.000000	49.000000	38,37
0.000000	0.000000	#6: 344,83
49.000000	49.000000	-96,74
0.000000	0.000000	#7: 167,47
49.000000	49.000000	-112,49
0.000000	0.000000	#8: 348,89
49.000000	49.000000	-55,-17
0.000000	0.000000	#9: -207,13
49.000000	49.000000	-49,32
0.000000	0.000000	#10: 221,56
49.000000	49.000000	10,85
0.000000	0.000000	#11: 27,30
49.000000	49.000000	-348,38
0.000000	0.000000	#12: 310,58
49.000000	49.000000	-332,44
0.000000	0.000000	#13: -11,34
49.000000	49.000000	-203,60
0.000000	0.000000	#14: 139,41
49.000000	49.000000	-319,33
0.000000	0.000000	#15: -179,59
49.000000	49.000000	291,67
0.000000	0.000000	#16: -75,43
49.000000	49.000000	-23,62
0.000000	0.000000	#17: 178,38
49.000000	49.000000	-146,33
0.000000	0.000000	#18: -36,20
49.000000	49.000000	-207,28
0.000000	0.000000	#19: 101,31
49.000000	49.000000	-243,53
0.000000	0.000000	#20: 125,29
49.000000	49.000000	266,58
0.000000	0.000000	#21: 66,36
49.000000	49.000000	-3,41
0.000000	0.000000	#22: -162,25
49.000000	49.000000	270,29
0.000000	0.000000	#23: -272,51
49.000000	49.000000	331,50
0.000000	0.000000	#24: 48,28
49.000000	49.000000	-353,26
0.000000	0.000000	#25: 252,54
49.000000	49.000000	110,30
0.000000	0.000000	#26: 244,47
49.000000	49.000000	-358,52
0.000000	0.000000	#27: -51,62
49.000000	49.000000	-98,39
0.000000	0.000000	#28: -180,43
49.000000	49.000000	-110,34
0.000000	0.000000	#29: 67,23
49.000000	49.000000	59,60
0.000000	0.000000	#30: -201,-13
49.000000	49.000000	288,53
0.000000	0.000000	#31: -80,35
49.000000	49.000000	224,39
0.000000	0.000000	#32: 344,21
49.000000	49.000000	-18,49
0.000000	0.000000	#33: -141,0
49.000000	49.000000	122,-7
0.000000	0.000000	#34: -335,66
49.000000	49.000000	-164,32
0.000000	0.000000	#35: 340,28
49.000000	49.000000	332,52
0.000000	0.000000	#36: -29,31
49.000000	49.000000	-68,56
0.000000	0.000000	#37: 330,3
49.000000	49.000000	78,49
0.000000	0.000000	#38: -331,43
49.000000	49.000000	-209,-23
0.000000	0.000000	#39: 208,79
49.000000	49.000000	230,50
0.000000	0.000000	#40: 184,13
49.000000	49.000000	149,26
0.000000	0.000000	#41: 267,35
49.000000	49.000000	-258,42
0.000000	0.000000	#42: 63,-12
49.000000	49.000000	-29,22
0.000000	0.000000	#43: 274,16
49.000000	49.000000	182,89
0.000000	0.000000	#44: 242,50
49.000000	49.000000	237,62
0.000000	0.000000	#45: 152,-4
49.000000	49.000000	86,19
0.000000	0.000000	#46: 153,-8
49.000000	49.000000	277,27
0.000000	0.000000	#47: 345,53
49.000000	49.000000	94,58
0.000000	0.000000	#48: -34,28
49.000000	49.000000	-229,85
0.000000	0.000000	#49: 239,29
49.000000	49.000000	-8,78
0.000000	0.000000	#50: -197,4
49.000000	49.000000	195,70
0.000000	0.000000	#51: -221,-3
49.000000	49.000000	233,44
0.000000	0.000000	#52: 162,4
49.000000	49.000000	-53,-12
0.000000	0.000000	#53: 300,64
49.000000	49.000000	-208,37
0.000000	0.000000	#54: -118,68
49.000000	49.000000	-3,29
0.000000	0.000000	#55: 229,43
49.000000	49.000000	-276,46
0.000000	0.000000	#56: 289,76
49.000000	49.000000	96,55
0.000000	0.000000	#57: -195,44
49.000000	49.000000	-331,38
0.000000	0.000000	#58: -190,48
49.000000	49.000000	97,27
0.000000	0.000000	#59: -286,45
49.000000	49.000000	244,40
0.000000	0.000000	#60: 74,47
49.000000	49.000000	-53,64
0.000000	0.000000	#61: -151,49
49.000000	49.000000	278,58
0.000000	0.000000	#62: 184,77
49.000000	49.000000	-55,52
0.000000	0.000000	#63: -212,43
49.000000	49.000000	-132,65
0.000000	0.000000	#64: 20,70
49.000000	49.000000	-172,62
0.000000	0.000000	#65: -173,64
49.000000	49.000000	280,26
0.000000	0.000000	#66: -166,68
49.000000	49.000000	232,61
0.000000	0.000000	#67: 73,51
49.000000	49.000000	-57,37
0.000000	0.000000	#68: 67,61
49.000000	49.000000	-141,42
0.000000	0.000000	#69: -306,77
49.000000	49.000000	354,33
0.000000	0.000000	#70: 298,44
49.000000	49.000000	-287,37
0.000000	0.000000	#71: -272,55
49.000000	49.000000	-6,61
0.000000	0.000000	#72: 323,-7
49.000000	49.000000	52,-11
0.000000	0.000000	#73: -248,-17
49.000000	49.000000	177,9
0.000000	0.000000	#74: -111,-22
49.000000	49.000000	234,-13
0.000000	0.000000	#75: -216,-12
49.000000	49.000000	-311,-9
0.000000	0.000000	#76: 23,-15
49.000000	49.000000	-5,12
0.000000	0.000000	#77: -307,17
49.000000	49.000000	283,-12
0.000000	0.000000	#78: -8,-2
49.000000	49.000000	338,18
0.000000	0.000000	#79: -1,-21
49.000000	49.000000	-345,7
0.000000	0.000000	#80: -115,-8
49.000000	49.000000	-146,12
0.000000	0.000000	#81: -232,-3
49.000000	49.000000	-280,-21
0.000000	0.000000	#82: -126,-9
49.000000	49.000000	-135,-7
0.000000	0.000000	#83: -96,-14
49.000000	49.000000	134,11
0.000000	0.000000	#84: -358,-1
49.000000	49.000000	-116,1
0.000000	0.000000	#85: -252,22
49.000000	49.000000	53,-19
0.000000	0.000000	#86: 211,-4
49.000000	49.000000	268,-19
0.000000	0.000000	#87: 241,-8
49.000000	49.000000	14,-3
0.000000	0.000000	#88: 66,-6
49.000000	49.000000	178,-24
0.000000	0.000000	#89: 192,21
49.000000	49.000000	-137,-9
0.000000	0.000000	#90: -52,-3
49.000000	49.000000	200,16
0.000000	0.000000	#91: -294,22
49.000000	49.000000	344,-3
0.000000	0.000000	#92: 311,-22
49.000000	49.000000	-325,-21
0.000000	0.000000	#93: 15,2
49.000000	49.000000	-41,-6
0.000000	0.000000	#94: 178,9
49.000000	49.000000	227,14
0.000000	0.000000	#95: 105,8
49.000000	49.000000	156,-11
