0.000000	0.000000	#1: -146,68
49.000000	49.000000	-224,78
0.000000	0.000000	#2: -3,56
49.000000	49.000000	332,39
0.000000	0.000000	#3: -229,7
49.000000	49.000000	-22,73
0.000000	0.000000	#4: -328,41
49.000000	49.000000	-84,5
0.000000	0.000000	#5: 281,87
49.000000	49.000000	-302,5
0.000000	0.000000	#6: -8,16
49.000000	49.000000	-305,41
0.000000	0.000000	#7: 53,89
49.000000	49.000000	-226,41
0.000000	0.000000	#8: 130,-12
49.000000	49.000000	-44,34
0.000000	0.000000	#9: -297,77
49.000000	49.000000	293,-23
0.000000	0.000000	#10: -80,-8
49.000000	49.000000	223,41
0.000000	0.000000	#11: 125,-2
49.000000	49.000000	-58,76
0.000000	0.000000	#12: 255,60
49.000000	49.000000	56,60
0.000000	0.000000	#13: -20,29
49.000000	49.000000	-353,56
0.000000	0.000000	#14: -225,61
49.000000	49.000000	-354,27
0.000000	0.000000	#15: 79,29
49.000000	49.000000	171,51
0.000000	0.000000	#16: -322,37
49.000000	49.000000	-296,45
0.000000	0.000000	#17: 263,39
49.000000	49.000000	185,43
0.000000	0.000000	#18: -216,51
49.000000	49.000000	346,57
0.000000	0.000000	#19: -64,40
49.000000	49.000000	245,47
0.000000	0.000000	#20: 85,29
49.000000	49.000000	264,61
0.000000	0.000000	#21: -344,32
49.000000	49.000000	95,35
0.000000	0.000000	#22: -48,24
49.000000	49.000000	-54,54
0.000000	0.000000	#23: -62,58
49.000000	49.000000	-75,34
0.000000	0.000000	#24: 265,64
49.000000	49.000000	71,58
0.000000	0.000000	#25: 161,53
49.000000	49.000000	-34,62
0.000000	0.000000	#26: 348,54
49.000000	49.000000	-5,29
0.000000	0.000000	#27: 194,22
49.000000	49.000000	-137,40
0.000000	0.000000	#28: -258,24
49.000000	49.000000	119,40
0.000000	0.000000	#29: 162,42
49.000000	49.000000	-84,43
0.000000	0.000000	#30: 102,6
49.000000	49.000000	141,42
0.000000	0.000000	#31: -149,68
49.000000	49.000000	13,28
0.000000	0.000000	#32: -66,36
49.000000	49.000000	-278,44
0.000000	0.000000	#33: -202,33
49.000000	49.000000	12,49
0.000000	0.000000	#34: -261,76
49.000000	49.000000	229,-15
0.000000	0.000000	#35: 93,24
49.000000	49.000000	140,0
0.000000	0.000000	#36: 120,49
49.000000	49.000000	-209,74
0.000000	0.000000	#37: -110,5
49.000000	49.000000	-102,-2
0.000000	0.000000	#38: 131,65
49.000000	49.000000	-43,33
0.000000	0.000000	#39: -240,49
49.000000	49.000000	-223,54
0.000000	0.000000	#40: 175,-21
49.000000	49.000000	151,78
0.000000	0.000000	#41: 123,73
49.000000	49.000000	110,22
0.000000	0.000000	#42: -329,9
49.000000	49.000000	-333,47
0.000000	0.000000	#43: -1,-15
49.000000	49.000000	254,-17
0.000000	0.000000	#44: 35,87
49.000000	49.000000	269,12
0.000000	0.000000	#45: -348,65
49.000000	49.000000	42,38
0.000000	0.000000	#46: 105,10
49.000000	49.000000	-281,64
0.000000	0.000000	#47: -336,26
49.000000	49.000000	41,47
0.000000	0.000000	#48: -213,38
49.000000	49.000000	-216,67
0.000000	0.000000	#49: 68,84
49.000000	49.000000	-261,-2
0.000000	0.000000	#50: 98,89
49.000000	49.000000	211,-17
0.000000	0.000000	#51: -221,55
49.000000	49.000000	306,39
0.000000	0.000000	#52: -271,67
49.000000	49.000000	-269,80
0.000000	0.000000	#53: -312,52
49.000000	49.000000	293,28
0.000000	0.000000	#54: 351,51
49.000000	49.000000	-203,50
0.000000	0.000000	#55: 192,69
49.000000	49.000000	-330,35
0.000000	0.000000	#56: 31,36
49.000000	49.000000	-224,25
0.000000	0.000000	#57: 14,53
49.000000	49.000000	129,41
0.000000	0.000000	#58: -99,48
49.000000	49.000000	183,61
0.000000	0.000000	#59: -261,74
49.000000	49.000000	-356,33
0.000000	0.000000	#60: -16,73
49.000000	49.000000	-293,32
0.000000	0.000000	#61: 8,75
49.000000	49.000000	-289,35
0.000000	0.000000	#62: -352,45
49.000000	49.000000	57,34
0.000000	0.000000	#63: -85,64
49.000000	49.000000	269,50
0.000000	0.000000	#64: 294,57
49.000000	49.000000	-208,40
0.000000	0.000000	#65: 141,65
49.000000	49.000000	-335,36
0.000000	0.000000	#66: 132,52
49.000000	49.000000	90,46
0.000000	0.000000	#67: 259,71
49.000000	49.000000	-5,21
0.000000	0.000000	#68: 277,60
49.000000	49.000000	9,40
0.000000	0.000000	#69: 307,68
49.000000	49.000000	296,30
0.000000	0.000000	#70: 99,71
49.000000	49.000000	-99,42
0.000000	0.000000	#71: 177,67
49.000000	49.000000	350,54
0.000000	0.000000	#72: 108,10
49.000000	49.000000	258,7
0.000000	0.000000	#73: 75,4
49.000000	49.000000	324,11
0.000000	0.000000	#74: 268,8
49.000000	49.000000	82,5
0.000000	0.000000	#75: -145,-2
49.000000	49.000000	139,13
0.000000	0.000000	#76: 63,6
49.000000	49.000000	312,-30
0.000000	0.000000	#77: 191,-11
49.000000	49.000000	91,5
0.000000	0.000000	#78: -169,2
49.000000	49.000000	-32,-16
0.000000	0.000000	#79: 157,7
49.000000	49.000000	-18,-6
0.000000	0.000000	#80: -117,-7
49.000000	49.000000	353,-24
0.000000	0.000000	#81: -197,8
49.000000	49.000000	-341,-26
0.000000	0.000000	#82: -213,-21
49.000000	49.000000	-70,-21
0.000000	0.000000	#83: 150,-23
49.000000	49.000000	-26,-20
0.000000	0.000000	#84: 146,-27
49.000000	49.000000	38,-4
0.000000	0.000000	#85: 350,-9
49.000000	49.000000	111,-2
0.000000	0.000000	#86: 336,7
49.000000	49.000000	18,-20
0.000000	0.000000	#87: 35,0
49.000000	49.000000	-75,-21
0.000000	0.000000	#88: -32,10
49.000000	49.000000	-116,4
0.000000	0.000000	#89: 180,-27
49.000000	49.000000	-92,-2
0.000000	0.000000	#90: 197,-11
49.000000	49.000000	116,4
0.000000	0.000000	#91: 116,-21
49.000000	49.000000	356,-26
0.000000	0.000000	#92: -11,-9
49.000000	49.000000	117,0
0.000000	0.000000	#93: -269,13
49.000000	49.000000	-246,1
0.000000	0.000000	#94: 292,-3
49.000000	49.000000	-207,-18
0.000000	0.000000	#95: -67,-1
49.000000	49.000000	176,-26
0.000000	0.000000	#96: -27,-2
49.000000	49.000000	338,4
0.000000	0.000000	#97: 86,12
49.000000	49.000000	-225,-16
0.000000	0.000000	#98: 111,-9
49.000000	49.000000	-293,-13
0.000000	0.000000	#99: 157,-19
49.000000	49.000000	-355,10
0.000000	0.000000	#100: -13,-2
49.000000	49.000000	-252,12
0.000000	0.000000	#101: -166,-3
49.000000	49.000000	-182,-5
0.000000	0.000000	#102: 68,-25
49.000000	49.000000	-185,-4
0.000000	0.000000	#103: -164,-7
49.000000	49.000000	3,-10
0.000000	0.000000	#104: -83,0
49.000000	49.000000	-186,11
0.000000	0.000000	#105: 202,-5
49.000000	49.000000	-256,9
0.000000	0.000000	#106: 232,14
49.000000	49.000000	-199,12
0.000000	0.000000	#107: 151,-22
49.000000	49.000000	82,-25
0.000000	0.000000	#108: -73,0
49.000000	49.000000	-7,-25
0.000000	0.000000	#109: 168,-26
49.000000	49.000000	272,-14
0.000000	0.000000	#110: -29,13
49.000000	49.000000	175,-15
0.000000	0.000000	#111: -321,14
49.000000	49.000000	-135,15
0.000000	0.000000	#112: 93,-8
49.000000	49.000000	34,-29
0.000000	0.000000	#113: 37,-19
49.000000	49.000000	352,5
0.000000	0.000000	#114: -71,-20
49.000000	49.000000	-145,2
0.000000	0.000000	#115: 351,-27
49.000000	49.000000	202,-10
0.000000	0.000000	#116: 301,-23
49.000000	49.000000	-321,9
0.000000	0.000000	#117: -189,-24
49.000000	49.000000	328,-25
0.000000	0.000000	#118: 356,-16
49.000000	49.000000	-255,10
0.000000	0.000000	#119: 350,2
49.000000	49.000000	-115,-19
0.000000	0.000000	#120: 24,3
49.000000	49.000000	-50,1
0.000000	0.000000	#121: 114,0
49.000000	49.000000	190,-3
0.000000	0.000000	#122: 255,-25
49.000000	49.000000	21,-20
0.000000	0.000000	#123: -111,5
49.000000	49.000000	90,-1
0.000000	0.000000	#124: 72,15
49.000000	49.000000	-282,6
0.000000	0.000000	#125: 124,-29
49.000000	49.000000	198,11
0.000000	0.000000	#126: -312,0
49.000000	49.000000	-126,11
